0.001	0.5
4.971310000000000784e+00 4.500000000000000000e+00 -1.000000000000000000e+00
5.019000000000000128e+00 2.000000000000000000e+00 -1.000000000000000000e+00
5.480450000000000266e+00 5.000000000000000000e+00 0.000000000000000000e+00
5.063620000000000232e+00 2.000000000000000000e+00 -2.500000000000000000e-01
5.474800000000000111e+00 4.000000000000000000e+00 -1.000000000000000000e+00
6.441550000000000331e+00 4.000000000000000000e+00 -1.000000000000000000e+00
5.499959999999999738e+00 3.500000000000000000e+00 2.500000000000000000e-01
4.984199999999999520e+00 4.500000000000000000e+00 -2.500000000000000000e-01
6.503670000000000506e+00 4.000000000000000000e+00 -1.500000000000000000e+00
3.996260000000000367e+00 2.500000000000000000e+00 -2.000000000000000000e+00
5.535750000000000171e+00 5.000000000000000000e+00 -5.000000000000000000e-01
5.044140000000000512e+00 3.500000000000000000e+00 -1.000000000000000000e+00
4.478489999999999860e+00 5.000000000000000000e+00 2.500000000000000000e-01
7.003000000000000114e+00 4.500000000000000000e+00 -2.500000000000000000e-01
4.496669999999999945e+00 2.000000000000000000e+00 -1.000000000000000000e+00
4.968529999999999447e+00 3.500000000000000000e+00 2.500000000000000000e-01
4.440549999999999997e+00 5.000000000000000000e+00 -2.000000000000000000e+00
6.449699999999999989e+00 4.000000000000000000e+00 2.500000000000000000e-01
5.575120000000000076e+00 3.500000000000000000e+00 -2.500000000000000000e-01
4.567379999999999995e+00 2.000000000000000000e+00 -2.000000000000000000e+00
4.972649999999999793e+00 3.500000000000000000e+00 -5.000000000000000000e-01
4.062780000000000058e+00 1.500000000000000000e+00 -5.000000000000000000e-01
5.497399999999999842e+00 4.000000000000000000e+00 0.000000000000000000e+00
4.031679999999999708e+00 2.000000000000000000e+00 2.500000000000000000e-01
4.971109999999999474e+00 5.000000000000000000e+00 -1.000000000000000000e+00
5.957689999999999486e+00 4.500000000000000000e+00 -5.000000000000000000e-01
4.961750000000000327e+00 4.500000000000000000e+00 -2.000000000000000000e+00
4.546859999999999680e+00 1.500000000000000000e+00 -1.000000000000000000e+00
6.007609999999999673e+00 4.500000000000000000e+00 -2.500000000000000000e-01
5.475310000000000343e+00 5.000000000000000000e+00 -2.000000000000000000e+00
6.018080000000000318e+00 4.000000000000000000e+00 -2.000000000000000000e+00
4.513770000000000948e+00 4.000000000000000000e+00 0.000000000000000000e+00
4.948459999999999859e+00 3.000000000000000000e+00 2.500000000000000000e-01
4.509199999999999875e+00 5.000000000000000000e+00 -1.000000000000000000e+00
4.491999999999999993e+00 4.500000000000000000e+00 -1.000000000000000000e+00
6.499649999999999928e+00 4.000000000000000000e+00 -2.500000000000000000e-01
6.487820000000000142e+00 4.500000000000000000e+00 -1.000000000000000000e+00
5.038129999999999775e+00 5.000000000000000000e+00 -1.500000000000000000e+00
6.433489999999999931e+00 4.000000000000000000e+00 -5.000000000000000000e-01
4.517529999999999824e+00 4.500000000000000000e+00 0.000000000000000000e+00
4.950169999999999959e+00 5.000000000000000000e+00 -2.500000000000000000e-01
5.030710000000000015e+00 2.500000000000000000e+00 -2.000000000000000000e+00
4.963799999999999990e+00 5.000000000000000000e+00 0.000000000000000000e+00
4.954180000000000028e+00 4.500000000000000000e+00 -5.000000000000000000e-01
5.510260000000000602e+00 4.500000000000000000e+00 0.000000000000000000e+00
4.046699999999999520e+00 2.000000000000000000e+00 -1.000000000000000000e+00
5.500329999999999941e+00 4.500000000000000000e+00 -5.000000000000000000e-01
4.555029999999999468e+00 5.000000000000000000e+00 -1.500000000000000000e+00
7.052130000000000010e+00 4.500000000000000000e+00 -1.000000000000000000e+00
5.465180000000000149e+00 3.000000000000000000e+00 0.000000000000000000e+00
3.977040000000000131e+00 2.500000000000000000e+00 -2.500000000000000000e-01
6.028819999999999624e+00 3.500000000000000000e+00 -2.500000000000000000e-01
5.560229999999999784e+00 3.500000000000000000e+00 0.000000000000000000e+00
5.508510000000000240e+00 3.000000000000000000e+00 -5.000000000000000000e-01
5.076660000000000394e+00 4.500000000000000000e+00 -1.500000000000000000e+00
4.997460000000000235e+00 3.500000000000000000e+00 -2.500000000000000000e-01
4.549649999999999750e+00 1.500000000000000000e+00 -5.000000000000000000e-01
4.526600000000000179e+00 4.500000000000000000e+00 2.500000000000000000e-01
5.062859999999999694e+00 4.000000000000000000e+00 -1.000000000000000000e+00
5.061630000000000074e+00 3.500000000000000000e+00 -1.500000000000000000e+00
5.999060000000000947e+00 4.500000000000000000e+00 0.000000000000000000e+00
4.947449999999999903e+00 5.000000000000000000e+00 -2.000000000000000000e+00
3.938099999999999934e+00 2.500000000000000000e+00 0.000000000000000000e+00
4.423720000000000319e+00 3.500000000000000000e+00 -2.500000000000000000e-01
4.052610000000000490e+00 2.000000000000000000e+00 0.000000000000000000e+00
5.440970000000000084e+00 4.000000000000000000e+00 -5.000000000000000000e-01
4.517949999999999910e+00 5.000000000000000000e+00 -2.500000000000000000e-01
4.568779999999999397e+00 2.000000000000000000e+00 -2.500000000000000000e-01
5.528039999999999843e+00 4.500000000000000000e+00 2.500000000000000000e-01
5.069939999999999891e+00 3.500000000000000000e+00 -2.000000000000000000e+00
6.061410000000000409e+00 4.500000000000000000e+00 -1.000000000000000000e+00
5.078680000000000305e+00 4.000000000000000000e+00 -2.000000000000000000e+00
3.998949999999999783e+00 1.500000000000000000e+00 -1.500000000000000000e+00
5.524610000000000021e+00 2.500000000000000000e+00 -2.000000000000000000e+00
4.472600000000000797e+00 3.000000000000000000e+00 2.500000000000000000e-01
4.060389999999999944e+00 2.000000000000000000e+00 -2.000000000000000000e+00
4.516239999999999810e+00 2.000000000000000000e+00 -5.000000000000000000e-01
6.512510000000000687e+00 4.500000000000000000e+00 -1.500000000000000000e+00
5.517380000000000173e+00 5.000000000000000000e+00 -2.500000000000000000e-01
4.530949999999999811e+00 3.500000000000000000e+00 0.000000000000000000e+00
4.515930000000000000e+00 2.500000000000000000e+00 -5.000000000000000000e-01
6.483369999999999855e+00 4.500000000000000000e+00 0.000000000000000000e+00
4.573510000000000630e+00 3.000000000000000000e+00 -2.500000000000000000e-01
4.926529999999999632e+00 5.000000000000000000e+00 2.500000000000000000e-01
5.029430000000000511e+00 2.000000000000000000e+00 -1.500000000000000000e+00
5.993570000000000064e+00 3.500000000000000000e+00 2.500000000000000000e-01
5.526659999999999684e+00 4.000000000000000000e+00 -2.000000000000000000e+00
6.918109999999999538e+00 4.500000000000000000e+00 0.000000000000000000e+00
4.506630000000000358e+00 3.500000000000000000e+00 2.500000000000000000e-01
5.522070000000000256e+00 3.000000000000000000e+00 -2.000000000000000000e+00
6.023460000000000036e+00 3.500000000000000000e+00 0.000000000000000000e+00
5.037600000000000300e+00 4.500000000000000000e+00 2.500000000000000000e-01
4.547839999999999883e+00 4.000000000000000000e+00 2.500000000000000000e-01
4.456640000000000157e+00 2.500000000000000000e+00 2.500000000000000000e-01
5.571410000000000196e+00 4.000000000000000000e+00 -2.500000000000000000e-01
4.579209999999999781e+00 2.500000000000000000e+00 -2.000000000000000000e+00
5.010060000000000180e+00 3.000000000000000000e+00 -1.500000000000000000e+00
5.532689999999999664e+00 5.000000000000000000e+00 2.500000000000000000e-01
5.048640000000000683e+00 3.000000000000000000e+00 -2.000000000000000000e+00
6.083790000000000475e+00 4.000000000000000000e+00 -2.500000000000000000e-01
4.539310000000000400e+00 1.500000000000000000e+00 -1.500000000000000000e+00
3.984100000000000197e+00 2.000000000000000000e+00 -2.500000000000000000e-01
5.458100000000000840e+00 3.500000000000000000e+00 -5.000000000000000000e-01
6.437199999999999811e+00 4.000000000000000000e+00 0.000000000000000000e+00
5.064720000000000333e+00 4.000000000000000000e+00 2.500000000000000000e-01
5.999180000000000845e+00 3.500000000000000000e+00 -1.000000000000000000e+00
5.515789999999999971e+00 3.000000000000000000e+00 -1.500000000000000000e+00
4.520399999999999530e+00 4.500000000000000000e+00 -2.000000000000000000e+00
5.010209999999999830e+00 2.500000000000000000e+00 2.500000000000000000e-01
5.561149999999999594e+00 3.000000000000000000e+00 -1.000000000000000000e+00
4.932159999999999656e+00 2.000000000000000000e+00 0.000000000000000000e+00
4.993759999999999977e+00 2.500000000000000000e+00 -5.000000000000000000e-01
6.009750000000000369e+00 3.500000000000000000e+00 -2.000000000000000000e+00
4.568069999999999631e+00 3.000000000000000000e+00 -1.000000000000000000e+00
4.996279999999999610e+00 3.000000000000000000e+00 -5.000000000000000000e-01
5.038710000000000022e+00 2.000000000000000000e+00 -2.000000000000000000e+00
4.519520000000000870e+00 4.000000000000000000e+00 -1.500000000000000000e+00
4.062619999999999898e+00 1.500000000000000000e+00 -1.000000000000000000e+00
5.001279999999999504e+00 3.500000000000000000e+00 0.000000000000000000e+00
6.057399999999999451e+00 4.000000000000000000e+00 -1.500000000000000000e+00
4.464920000000000222e+00 4.500000000000000000e+00 -2.500000000000000000e-01
4.580220000000000624e+00 2.500000000000000000e+00 -2.500000000000000000e-01
4.573220000000000063e+00 3.000000000000000000e+00 -1.500000000000000000e+00
4.587560000000000748e+00 4.000000000000000000e+00 -2.000000000000000000e+00
4.022949999999999804e+00 1.500000000000000000e+00 0.000000000000000000e+00
5.466250000000000497e+00 5.000000000000000000e+00 -1.500000000000000000e+00
5.993350000000000399e+00 4.000000000000000000e+00 0.000000000000000000e+00
6.501319999999999766e+00 4.500000000000000000e+00 -2.000000000000000000e+00
4.568189999999999529e+00 4.500000000000000000e+00 -5.000000000000000000e-01
4.969030000000000058e+00 5.000000000000000000e+00 -5.000000000000000000e-01
5.460199999999999498e+00 5.000000000000000000e+00 -1.000000000000000000e+00
5.525350000000000428e+00 4.500000000000000000e+00 -2.000000000000000000e+00
6.443290000000000184e+00 4.500000000000000000e+00 -5.000000000000000000e-01
6.015609999999999680e+00 4.500000000000000000e+00 -1.500000000000000000e+00
5.520290000000000141e+00 3.500000000000000000e+00 -2.000000000000000000e+00
4.524160000000000181e+00 5.000000000000000000e+00 -5.000000000000000000e-01
4.520030000000000214e+00 4.000000000000000000e+00 -1.000000000000000000e+00
6.026670000000000194e+00 4.000000000000000000e+00 2.500000000000000000e-01
4.038660000000000139e+00 2.500000000000000000e+00 -1.000000000000000000e+00
4.512380000000000280e+00 5.000000000000000000e+00 0.000000000000000000e+00
5.517430000000000057e+00 2.500000000000000000e+00 -1.500000000000000000e+00
4.501800000000000246e+00 3.000000000000000000e+00 -5.000000000000000000e-01
5.584220000000000184e+00 4.000000000000000000e+00 -1.500000000000000000e+00
4.985009999999999941e+00 2.000000000000000000e+00 -5.000000000000000000e-01
4.071200000000000152e+00 1.500000000000000000e+00 -2.500000000000000000e-01
5.013740000000000308e+00 2.500000000000000000e+00 0.000000000000000000e+00
4.998050000000000104e+00 3.000000000000000000e+00 0.000000000000000000e+00
4.578819999999999446e+00 4.000000000000000000e+00 -5.000000000000000000e-01
5.500600000000000378e+00 4.000000000000000000e+00 2.500000000000000000e-01
4.951630000000000642e+00 4.500000000000000000e+00 0.000000000000000000e+00
4.978979999999999961e+00 4.000000000000000000e+00 0.000000000000000000e+00
6.444910000000000139e+00 4.500000000000000000e+00 2.500000000000000000e-01
5.463010000000000588e+00 4.500000000000000000e+00 -1.000000000000000000e+00
5.926630000000000287e+00 4.500000000000000000e+00 2.500000000000000000e-01
5.522600000000000620e+00 4.500000000000000000e+00 -2.500000000000000000e-01
5.929030000000000022e+00 3.500000000000000000e+00 -5.000000000000000000e-01
4.530960000000000321e+00 3.000000000000000000e+00 -2.000000000000000000e+00
5.966990000000000016e+00 4.000000000000000000e+00 -5.000000000000000000e-01
4.518640000000000434e+00 2.000000000000000000e+00 -1.500000000000000000e+00
5.007290000000000241e+00 3.000000000000000000e+00 -2.500000000000000000e-01
4.997620000000000395e+00 4.000000000000000000e+00 -2.500000000000000000e-01
4.550880000000000258e+00 4.500000000000000000e+00 -1.500000000000000000e+00
5.454180000000000028e+00 2.500000000000000000e+00 -1.000000000000000000e+00
7.041380000000000194e+00 4.500000000000000000e+00 -5.000000000000000000e-01
4.532359999999999722e+00 2.500000000000000000e+00 0.000000000000000000e+00
3.935630000000000184e+00 2.500000000000000000e+00 2.500000000000000000e-01
4.513119999999999798e+00 4.000000000000000000e+00 -2.500000000000000000e-01
4.038059999999999761e+00 2.000000000000000000e+00 -1.500000000000000000e+00
6.509930000000000661e+00 4.000000000000000000e+00 -2.000000000000000000e+00
5.053810000000000358e+00 2.500000000000000000e+00 -2.500000000000000000e-01
4.594100000000000072e+00 3.500000000000000000e+00 -2.000000000000000000e+00
4.053150000000000475e+00 2.500000000000000000e+00 -5.000000000000000000e-01
4.569220000000000503e+00 2.000000000000000000e+00 0.000000000000000000e+00
4.985120000000000218e+00 2.500000000000000000e+00 -1.000000000000000000e+00
4.036500000000000199e+00 2.000000000000000000e+00 -5.000000000000000000e-01
4.492280000000000051e+00 3.000000000000000000e+00 0.000000000000000000e+00
4.953339999999999854e+00 4.000000000000000000e+00 -5.000000000000000000e-01
4.444850000000000634e+00 2.500000000000000000e+00 -1.000000000000000000e+00
5.051090000000000302e+00 4.000000000000000000e+00 -1.500000000000000000e+00
4.583610000000000184e+00 1.500000000000000000e+00 -2.000000000000000000e+00
6.519120000000000026e+00 4.500000000000000000e+00 -2.500000000000000000e-01
5.551190000000000069e+00 3.000000000000000000e+00 -2.500000000000000000e-01
5.977270000000000749e+00 4.000000000000000000e+00 -1.000000000000000000e+00
5.015979999999999883e+00 2.500000000000000000e+00 -1.500000000000000000e+00
5.497329999999999828e+00 3.500000000000000000e+00 -1.000000000000000000e+00
4.511720000000000397e+00 3.500000000000000000e+00 -1.000000000000000000e+00
5.512739999999999974e+00 4.500000000000000000e+00 -1.500000000000000000e+00
4.508960000000000079e+00 2.500000000000000000e+00 -1.500000000000000000e+00
6.017859999999999765e+00 3.500000000000000000e+00 -1.500000000000000000e+00
4.572370000000000267e+00 3.500000000000000000e+00 -5.000000000000000000e-01
4.054590000000000138e+00 2.500000000000000000e+00 -1.500000000000000000e+00
5.517699999999999605e+00 3.500000000000000000e+00 -1.500000000000000000e+00
4.578100000000000058e+00 3.500000000000000000e+00 -1.500000000000000000e+00
5.023080000000000211e+00 3.000000000000000000e+00 -1.000000000000000000e+00
6.026930000000000121e+00 4.500000000000000000e+00 -2.000000000000000000e+00
